function b=eight_color()
% b=eight_color()
b=[ 0.93    0.69    0.13;
    0.30    0.75    0.93;
    0.47    0.67    0.19;
    0       0       1;
    0.49    0.18    0.56;
    0.64    0.08    0.18;
    0.85    0.33    0.1;
    0       0       0];
end